{
 "cells": [
  {
   "cell_type": "markdown",
   "metadata": {},
   "source": [
    "## Extended Kalman Filter\n",
    "I decided to implement this first in Python instead of just filling in the blanks and patching together the boilerplate code from Udacity.\n",
    "\n",
    "This will allow me to code it up from scratch and really get an intimate understanding of Kalman Filters before I complete the implementation in C++.\n",
    "\n",
    "Using a Jupyter notebook will also help me to take thorough notes on the math in the midst of the code."
   ]
  },
  {
   "cell_type": "markdown",
   "metadata": {},
   "source": [
    "In EKF.py, I recreate the normal Kalman Filter implementation that I already built in C++ during the lessons.  Then I filled in the gaps in the implementation."
   ]
  },
  {
   "cell_type": "code",
   "execution_count": 1,
   "metadata": {
    "collapsed": false
   },
   "outputs": [],
   "source": [
    "from EKF import *"
   ]
  },
  {
   "cell_type": "code",
   "execution_count": 2,
   "metadata": {
    "collapsed": false
   },
   "outputs": [],
   "source": [
    "#//input file with laser and radar measurements\n",
    "in_file_name_ = \"../data/sample-laser-radar-measurement-data-1.txt\"  \n",
    "\n",
    "#//output file with the estimation (px, py, vx, vy), measurements (px and py meas) and ground truths (px, py, vx, vy)\n",
    "out_file_name_ = \"obj_pose-laser-radar-output.txt\""
   ]
  },
  {
   "cell_type": "code",
   "execution_count": 3,
   "metadata": {
    "collapsed": false
   },
   "outputs": [
    {
     "name": "stdout",
     "output_type": "stream",
     "text": [
      "RMSE: [[ 0.02448499]\n",
      " [ 0.06257636]\n",
      " [ 0.03133589]\n",
      " [ 0.01819227]]\n"
     ]
    }
   ],
   "source": [
    "print \"RMSE:\",run_ekf(in_file_name_, (.163 , .000041))"
   ]
  },
  {
   "cell_type": "markdown",
   "metadata": {},
   "source": [
    "\n",
    "# Discern an optimal set of noise parameters"
   ]
  },
  {
   "cell_type": "code",
   "execution_count": 4,
   "metadata": {
    "collapsed": true
   },
   "outputs": [],
   "source": [
    "import itertools\n",
    "import glob\n",
    "\n",
    "def meets_specifications(rmse):\n",
    "    \"\"\"\n",
    "    Takes in both RMSE values\n",
    "    Returns True if the RMSE is within specified values\n",
    "    \"\"\"\n",
    "    first_rmse = rmse[0]\n",
    "    second_rmse = rmse[1]\n",
    "    if first_rmse[0] <= .07 and \\\n",
    "        first_rmse[1] <= .07 and \\\n",
    "        first_rmse[2] <= .6 and \\\n",
    "        first_rmse[3] <= .6 and \\\n",
    "        second_rmse[0] <= .2 and \\\n",
    "        second_rmse[1] <= .2 and \\\n",
    "        second_rmse[2] <= .5 and \\\n",
    "        second_rmse[3] <= .83:\n",
    "        return True "
   ]
  },
  {
   "cell_type": "code",
   "execution_count": 5,
   "metadata": {
    "collapsed": false,
    "scrolled": false
   },
   "outputs": [
    {
     "name": "stdout",
     "output_type": "stream",
     "text": [
      "1: 0.161 4.05e-05 0.291394688643 Best: 100\n",
      "2: 0.161 4.06e-05 0.284914450108 Best: 0.291394688643\n",
      "3: 0.161 4.07e-05 0.285211716422 Best: 0.284914450108\n",
      "4: 0.161 4.08e-05 0.289463715333 Best: 0.284914450108\n",
      "5: 0.161 4.09e-05 0.295346788801 Best: 0.284914450108\n",
      "6: 0.161 4.1e-05 0.302170153386 Best: 0.284914450108\n",
      "7: 0.161 4.11e-05 0.309937937755 Best: 0.284914450108\n",
      "8: 0.161 4.12e-05 0.318994857991 Best: 0.284914450108\n",
      "9: 0.161 4.13e-05 0.329641641762 Best: 0.284914450108\n",
      "10: 0.161 4.14e-05 0.341677946327 Best: 0.284914450108\n",
      "11: 0.162 4.05e-05 0.322809922631 Best: 0.284914450108\n",
      "12: 0.162 4.06e-05 0.309218263532 Best: 0.284914450108\n",
      "13: 0.162 4.07e-05 0.296807595009 Best: 0.284914450108\n",
      "14: 0.162 4.08e-05 0.287437468756 Best: 0.284914450108\n",
      "15: 0.162 4.09e-05 0.284325156555 Best: 0.284914450108\n",
      "16: 0.162 4.1e-05 0.286909345677 Best: 0.284325156555\n",
      "17: 0.162 4.11e-05 0.292049871514 Best: 0.284325156555\n",
      "18: 0.162 4.12e-05 0.298357329762 Best: 0.284325156555\n",
      "19: 0.162 4.13e-05 0.305538054034 Best: 0.284325156555\n",
      "20: 0.162 4.14e-05 0.313778565369 Best: 0.284325156555\n"
     ]
    }
   ],
   "source": [
    "# Initialize a high value for the total mean squared error (Between both files)\n",
    "best_total = 100\n",
    "pro_noise_range = np.arange(0.161,.162,.001)\n",
    "meas_noise_range = np.arange(0.0000405,0.0000415,.0000001)\n",
    "i = 0\n",
    "for pro_noise, meas_noise in itertools.product(pro_noise_range, meas_noise_range):\n",
    "    i += 1\n",
    "    total = 0\n",
    "    rmse = [None,None]\n",
    "    for j, in_file_name_ in enumerate(glob.glob(\"../data/*\")):\n",
    "        rmse[j] = run_ekf(in_file_name_, (pro_noise, meas_noise))\n",
    "        total += np.sum(rmse[j])\n",
    "    print str(i) + \":\", pro_noise, meas_noise, total, \"Best:\", best_total\n",
    "    if best_total > total and meets_specifications(rmse):\n",
    "        best_total = total\n",
    "        best_values = pro_noise, meas_noise, rmse"
   ]
  },
  {
   "cell_type": "code",
   "execution_count": 6,
   "metadata": {
    "collapsed": false,
    "scrolled": true
   },
   "outputs": [
    {
     "name": "stdout",
     "output_type": "stream",
     "text": [
      "(0.16200000000000001, 4.0900000000000012e-05, [matrix([[ 0.0245491 ],\n",
      "        [ 0.06262924],\n",
      "        [ 0.02555261],\n",
      "        [ 0.01661092]]), matrix([[ 0.02132479],\n",
      "        [ 0.01438511],\n",
      "        [ 0.02233536],\n",
      "        [ 0.09693804]])])\n"
     ]
    }
   ],
   "source": [
    "print best_values"
   ]
  },
  {
   "cell_type": "markdown",
   "metadata": {},
   "source": [
    "From the above, I figure that a good measurment noise is 0.0000409, and a good process noise is 0.162.\n",
    "\n",
    "I found these value by finding optimal values for a wide range, then narrowing my each around optimal values further and searching again.  I did that iteration only a few times."
   ]
  },
  {
   "cell_type": "markdown",
   "metadata": {
    "collapsed": true
   },
   "source": [
    "## Determine Noise Parameters for C++ Implementation\n",
    "As it turns out, running the exact same algorithm in C++ produces very different results.\n",
    "So I want to do the same process to optimize the noise parameters on the binary I built.\n",
    "This is fun because I get to learn how to run bash from Python."
   ]
  },
  {
   "cell_type": "code",
   "execution_count": 7,
   "metadata": {
    "collapsed": true
   },
   "outputs": [],
   "source": [
    "import subprocess"
   ]
  },
  {
   "cell_type": "code",
   "execution_count": 13,
   "metadata": {
    "collapsed": false
   },
   "outputs": [
    {
     "data": {
      "text/plain": [
       "0"
      ]
     },
     "execution_count": 13,
     "metadata": {},
     "output_type": "execute_result"
    }
   ],
   "source": [
    "subprocess.call([\"ls\",\"../../\",\"-la\"])"
   ]
  },
  {
   "cell_type": "markdown",
   "metadata": {},
   "source": [
    "Ok that doesn't work in Jupyter.  I'll use %bash"
   ]
  },
  {
   "cell_type": "code",
   "execution_count": 31,
   "metadata": {
    "collapsed": false
   },
   "outputs": [
    {
     "name": "stdout",
     "output_type": "stream",
     "text": [
      "EKF: \n",
      "0.049996\n",
      "x_ =     8.46283\n",
      "   0.243512\n",
      "-0.00362542\n",
      " 0.00199008\n",
      "P_ =   2.51488e-07  2.36795e-318   1.00603e-05   1.6831e-318\n",
      "  6.8558e-310   2.51488e-07 -1.35276e-310   1.00603e-05\n",
      "  1.00603e-05  4.70699e-317   0.000402445  3.34564e-317\n",
      "-1.35276e-310   1.00603e-05  7.17324e-310   0.000402445\n",
      "0.050057\n",
      "x_ =     8.46384\n",
      "   0.243642\n",
      "-0.00531998\n",
      " 0.00187629\n",
      "P_ =  5.95666e-07 -5.54011e-08  1.94755e-06 -1.10539e-06\n",
      "-5.54011e-08   2.5176e-06 -1.10551e-06  4.02987e-05\n",
      " 1.94755e-06 -1.10551e-06  3.94765e-05 -2.21274e-05\n",
      "-1.10539e-06  4.02987e-05 -2.21274e-05  0.000807177\n",
      "0.050057\n",
      "x_ =     8.46332\n",
      "   0.245591\n",
      "-0.00835807\n",
      "  0.0209565\n",
      "P_ =  1.11179e-06 -1.77236e-07  1.36909e-05 -1.75911e-06\n",
      "-1.77236e-07  7.26061e-06 -1.75923e-06  7.47235e-05\n",
      " 1.36909e-05 -1.75923e-06  0.000440591 -1.74783e-05\n",
      "-1.75911e-06  7.47235e-05 -1.74783e-05     0.001047\n",
      "0.054951\n",
      "x_ =    8.36741\n",
      "  0.243861\n",
      "  -1.77688\n",
      "-0.0312882\n",
      "P_ =  1.54996e-06 -5.04761e-07  2.20249e-06 -4.15578e-06\n",
      "-5.04761e-07  1.88786e-05 -4.20256e-06  0.000144714\n",
      " 2.20249e-06 -4.20256e-06  4.03515e-05 -4.37552e-05\n",
      "-4.15578e-06  0.000144714 -4.37552e-05   0.00152819\n",
      "0.054952\n",
      "x_ =     8.26809\n",
      "   0.245989\n",
      "   -1.78983\n",
      "-0.00794678\n",
      "P_ =   2.1491e-06  -5.2659e-07  1.68374e-05 -3.09804e-06\n",
      " -5.2659e-07  2.01557e-05 -3.12108e-06  0.000122724\n",
      " 1.68374e-05 -3.12108e-06  0.000521689 -2.25774e-05\n",
      "-3.09804e-06  0.000122724 -2.25774e-05   0.00129035\n",
      "0.050003\n",
      "x_ =    8.06027\n",
      "  0.240754\n",
      "  -3.73179\n",
      "-0.0733485\n",
      "P_ =  2.35657e-06 -9.87443e-07  2.28992e-06 -5.76529e-06\n",
      "-9.87443e-07  3.54394e-05 -5.97171e-06  0.000194759\n",
      " 2.28992e-06 -5.97171e-06   4.0597e-05 -5.03126e-05\n",
      "-5.76529e-06  0.000194759 -5.03126e-05   0.00168046\n",
      "0.050004\n",
      "x_ =    7.8727\n",
      " 0.191901\n",
      " -3.73643\n",
      "-0.293225\n",
      "P_ =  2.71799e-06 -6.47388e-07  1.33529e-05 -3.15768e-06\n",
      "-6.47388e-07  2.42063e-05 -3.23559e-06  0.000117793\n",
      " 1.33529e-05 -3.23559e-06  0.000440274 -2.47529e-05\n",
      "-3.15768e-06  0.000117793 -2.47529e-05    0.0012528\n",
      "0.050003\n",
      "x_ =   7.70565\n",
      " 0.176407\n",
      " -3.24364\n",
      "-0.288803\n",
      "P_ =  2.86584e-06  -9.4964e-07  2.03344e-06 -4.71328e-06\n",
      " -9.4964e-07   3.8739e-05 -3.32866e-06  0.000187518\n",
      " 2.03344e-06 -3.32866e-06  3.95766e-05 -3.24223e-05\n",
      "-4.71328e-06  0.000187518 -3.24223e-05   0.00164297\n",
      "0.050003\n",
      "x_ =   7.54323\n",
      " 0.160609\n",
      " -3.24458\n",
      "-0.294951\n",
      "P_ =  3.14021e-06 -5.26537e-07  1.29899e-05 -2.24609e-06\n",
      "-5.26537e-07  2.46127e-05 -1.78912e-06   0.00011134\n",
      " 1.29899e-05 -1.78912e-06  0.000439918 -1.81711e-05\n",
      "-2.24609e-06   0.00011134 -1.81711e-05   0.00128599\n",
      "0.055051\n",
      "x_ =  7.44104\n",
      "0.143162\n",
      "  -1.946\n",
      "-0.28449\n",
      "P_ =  3.33788e-06 -7.76555e-07  2.00734e-06 -3.72407e-06\n",
      "-7.76555e-07  4.03917e-05 -2.50702e-06  0.000192089\n",
      " 2.00734e-06 -2.50702e-06  3.95499e-05 -2.80208e-05\n",
      "-3.72407e-06  0.000192089 -2.80208e-05    0.0017599\n",
      "0.055052\n",
      "x_ =   7.33563\n",
      "0.0696135\n",
      " -1.93951\n",
      "-0.544851\n",
      "P_ =  3.67461e-06 -4.14605e-07  1.60681e-05 -1.72714e-06\n",
      "-4.14605e-07  2.54275e-05 -1.35256e-06  0.000114379\n",
      " 1.60681e-05 -1.35256e-06   0.00052344 -1.59484e-05\n",
      "-1.72714e-06  0.000114379 -1.59484e-05   0.00140472\n",
      "0.054975\n",
      "x_ =   7.18404\n",
      "0.0422659\n",
      " -2.75797\n",
      "-0.531878\n",
      "P_ =  3.78046e-06 -3.73802e-07  2.03269e-06  -1.3893e-06\n",
      "-3.73802e-07  4.17685e-05  1.83053e-06  0.000200971\n",
      " 2.03269e-06  1.83053e-06  3.93065e-05  3.79578e-06\n",
      " -1.3893e-06  0.000200971  3.79578e-06   0.00187465\n",
      "0.054976\n",
      "x_ =    7.03474\n",
      "-0.0289024\n",
      "  -2.75085\n",
      " -0.722145\n",
      "P_ =  4.04721e-06 -1.12443e-07  1.59112e-05 -1.90939e-07\n",
      "-1.12443e-07  2.58023e-05  8.01277e-07  0.000117194\n",
      " 1.59112e-05  8.01277e-07  0.000522022 -1.96492e-06\n",
      "-1.90939e-07  0.000117194 -1.96492e-06   0.00145453\n",
      "0.054976\n",
      "x_ =    6.92309\n",
      "-0.0756678\n",
      "  -1.73059\n",
      " -0.775114\n",
      "P_ = 4.08944e-06 2.64545e-07 2.08354e-06 2.10392e-06\n",
      "2.64545e-07 4.24663e-05 6.44984e-06  0.00020575\n",
      "2.08354e-06 6.44984e-06 4.02661e-05 3.98405e-05\n",
      "2.10392e-06  0.00020575 3.98405e-05  0.00191996\n",
      "0.054977\n",
      "x_ =   6.82927\n",
      "-0.207371\n",
      " -1.73257\n",
      " -1.18092\n",
      "P_ = 4.29881e-06 2.79079e-07 1.58314e-05 1.62688e-06\n",
      "2.79079e-07 2.59837e-05 3.02992e-06 0.000118412\n",
      "1.58314e-05 3.02992e-06 0.000522393 1.41194e-05\n",
      "1.62688e-06 0.000118412 1.41194e-05  0.00146918\n",
      "0.049981\n",
      "x_ =   6.71934\n",
      "-0.263619\n",
      " -2.05883\n",
      " -1.15574\n",
      "P_ = 4.20684e-06 1.20105e-06 2.50554e-06 7.41247e-06\n",
      "1.20105e-06 4.06821e-05 1.48198e-05 0.000196365\n",
      "2.50554e-06 1.48198e-05 4.58131e-05 0.000105157\n",
      "7.41247e-06 0.000196365 0.000105157  0.00184294\n",
      "0.049981\n",
      "x_ =   6.61617\n",
      "-0.407491\n",
      "   -2.076\n",
      " -1.54969\n",
      "P_ = 4.26536e-06 8.89357e-07 1.29174e-05 4.85444e-06\n",
      "8.89357e-07 2.51073e-05 7.42766e-06 0.000115019\n",
      "1.29174e-05 7.42766e-06 0.000442151 4.69308e-05\n",
      "4.85444e-06 0.000115019 4.69308e-05  0.00140643\n",
      "0.050058\n",
      "x_ =   6.57291\n",
      "-0.506316\n",
      " -1.00111\n",
      " -1.73278\n",
      "P_ = 4.28703e-06  2.3764e-06 3.54742e-06 1.37897e-05\n",
      " 2.3764e-06 3.92246e-05  2.3656e-05 0.000188832\n",
      "3.54742e-06  2.3656e-05  5.7791e-05  0.00017492\n",
      "1.37897e-05 0.000188832  0.00017492  0.00176974\n",
      "0.050058\n",
      "x_ =   6.52441\n",
      "-0.626463\n",
      " -1.00591\n",
      " -1.88477\n",
      "P_ =  4.3193e-06 1.65383e-06 1.35369e-05 8.53623e-06\n",
      "1.65383e-06 2.46969e-05 1.21693e-05 0.000113018\n",
      "1.35369e-05 1.21693e-05 0.000448593  8.1892e-05\n",
      "8.53623e-06 0.000113018  8.1892e-05   0.0013763\n",
      "0.055021\n",
      "x_ =   6.48318\n",
      "-0.740122\n",
      "-0.605986\n",
      " -1.98165\n",
      "P_ = 4.62591e-06 3.94332e-06 5.68074e-06 2.19822e-05\n",
      "3.94332e-06 4.03281e-05 3.35738e-05 0.000193907\n",
      "5.68074e-06 3.35738e-05 7.78558e-05 0.000255972\n",
      "2.19822e-05 0.000193907 0.000255972   0.0018074\n",
      "0.055022\n",
      "x_ =   6.43786\n",
      "-0.974448\n",
      "-0.685563\n",
      " -2.55077\n",
      "P_ = 4.69224e-06  2.5968e-06 1.77401e-05 1.24464e-05\n",
      " 2.5968e-06 2.52833e-05 1.67078e-05 0.000114873\n",
      "1.77401e-05 1.67078e-05 0.000538655 0.000114981\n",
      "1.24464e-05 0.000114873 0.000114981  0.00142505\n",
      "0.054976\n",
      "x_ =  6.35397\n",
      "-1.08915\n",
      "-1.60619\n",
      "-2.27745\n",
      "P_ = 5.35663e-06 6.03299e-06 1.04919e-05 3.32488e-05\n",
      "6.03299e-06  4.0707e-05 4.95023e-05  0.00019343\n",
      "1.04919e-05 4.95023e-05 0.000125755  0.00038401\n",
      "3.32488e-05  0.00019343  0.00038401  0.00180792\n",
      "0.054977\n",
      "x_ =  6.26093\n",
      "-1.23728\n",
      "-1.63276\n",
      "-2.38115\n",
      "P_ = 5.22618e-06 3.85356e-06 2.02679e-05 1.85566e-05\n",
      "3.85356e-06 2.50959e-05 2.43778e-05 0.000113229\n",
      "2.02679e-05 2.43778e-05 0.000558012 0.000174517\n",
      "1.85566e-05 0.000113229 0.000174517  0.00142497\n",
      "0.054961\n",
      "x_ =  6.32535\n",
      " -1.4486\n",
      "0.933814\n",
      "-3.25762\n",
      "P_ = 6.27338e-06 8.06858e-06 1.54937e-05  4.3449e-05\n",
      "8.06858e-06 4.03268e-05 5.90591e-05 0.000190827\n",
      "1.54937e-05 5.90591e-05 0.000168196 0.000468017\n",
      " 4.3449e-05 0.000190827 0.000468017  0.00178684\n",
      "0.054962\n",
      "x_ =  6.37131\n",
      "-1.64673\n",
      "0.905944\n",
      "-3.34389\n",
      "P_ = 5.78482e-06  4.9163e-06 2.25945e-05 2.30291e-05\n",
      " 4.9163e-06 2.47185e-05 2.89527e-05 0.000111359\n",
      "2.25945e-05 2.89527e-05 0.000576457 0.000215678\n",
      "2.30291e-05 0.000111359 0.000215678  0.00141369\n",
      "0.050025\n",
      "x_ =   6.32559\n",
      " -1.75071\n",
      "-0.847979\n",
      " -2.58993\n",
      "P_ = 7.07591e-06 9.43713e-06 2.09663e-05 4.99851e-05\n",
      "9.43713e-06 3.77172e-05 6.64479e-05 0.000176009\n",
      "2.09663e-05 6.64479e-05 0.000221406 0.000537205\n",
      "4.99851e-05 0.000176009 0.000537205  0.00165765\n",
      "0.050026\n",
      "x_ =   6.26776\n",
      " -1.92563\n",
      "-0.927317\n",
      " -2.79531\n",
      "P_ = 6.15183e-06 5.73426e-06 2.27544e-05 2.75739e-05\n",
      "5.73426e-06 2.33302e-05  3.4175e-05 0.000104813\n",
      "2.27544e-05  3.4175e-05 0.000525381 0.000269613\n",
      "2.75739e-05 0.000104813 0.000269613   0.0013217\n",
      "0.050001\n",
      "x_ =  6.29738\n",
      "-2.12256\n",
      " 0.58406\n",
      "-3.52141\n",
      "P_ = 7.84909e-06 1.05827e-05 2.59135e-05 5.53759e-05\n",
      "1.05827e-05 3.55858e-05 7.10932e-05 0.000165218\n",
      "2.59135e-05 7.10932e-05 0.000265627 0.000580943\n",
      "5.53759e-05 0.000165218 0.000580943  0.00155513\n",
      "0.050001\n",
      "x_ =  6.33935\n",
      "-2.26236\n",
      "0.651535\n",
      "-3.35784\n",
      "P_ = 6.61296e-06 6.47938e-06  2.5482e-05 3.06772e-05\n",
      "6.47938e-06 2.24566e-05 3.73442e-05 0.000100759\n",
      " 2.5482e-05 3.73442e-05  0.00054848 0.000297248\n",
      "3.06772e-05 0.000100759 0.000297248   0.0012733\n",
      "0.055023\n",
      "x_ =   6.33339\n",
      " -2.41465\n",
      "-0.160244\n",
      " -2.93252\n",
      "P_ = 9.11365e-06 1.23509e-05 3.29526e-05 6.40367e-05\n",
      "1.23509e-05  3.5869e-05 7.96936e-05 0.000166238\n",
      "3.29526e-05 7.96936e-05  0.00032894 0.000658094\n",
      "6.40367e-05 0.000166238 0.000658094  0.00155377\n",
      "0.055024\n",
      "x_ =   6.33349\n",
      " -2.55815\n",
      "-0.117206\n",
      " -2.85234\n",
      "P_ = 7.48558e-06 7.42509e-06 3.16913e-05 3.37504e-05\n",
      "7.42509e-06 2.25451e-05 4.02972e-05 0.000100827\n",
      "3.16913e-05 4.02972e-05 0.000655208 0.000319101\n",
      "3.37504e-05 0.000100827 0.000319101  0.00130768\n",
      "0.054975\n",
      "x_ =  6.37231\n",
      "-2.74532\n",
      "0.630439\n",
      "-3.25411\n",
      "P_ = 1.05231e-05  1.3889e-05 3.96809e-05 7.17421e-05\n",
      " 1.3889e-05 3.59185e-05 8.60735e-05 0.000166047\n",
      "3.96809e-05 8.60735e-05 0.000387358 0.000722527\n",
      "7.17421e-05 0.000166047 0.000722527  0.00155392\n",
      "0.054975\n",
      "x_ =  6.42826\n",
      "-2.87478\n",
      " 0.73772\n",
      "-3.03294\n",
      "P_ = 8.23454e-06 8.07281e-06 3.46186e-05 3.67296e-05\n",
      "8.07281e-06 2.22005e-05 4.28216e-05 9.91268e-05\n",
      "3.46186e-05 4.28216e-05 0.000682255 0.000350802\n",
      "3.67296e-05 9.91268e-05 0.000350802  0.00130133\n",
      "0.050041\n",
      "x_ =  6.44375\n",
      "-3.00924\n",
      "0.292827\n",
      "-2.77266\n",
      "P_ = 1.11907e-05 1.41876e-05 4.26172e-05 7.31878e-05\n",
      "1.41876e-05 3.38537e-05 8.53858e-05 0.000155876\n",
      "4.26172e-05 8.53858e-05 0.000415077 0.000730267\n",
      "7.31878e-05 0.000155876 0.000730267  0.00146775\n",
      "0.050041\n",
      "x_ =  6.45453\n",
      "-3.15226\n",
      "0.276919\n",
      "-2.79258\n",
      "P_ = 8.45904e-06 8.24119e-06 3.37604e-05 3.87831e-05\n",
      "8.24119e-06 2.10641e-05 4.43163e-05 9.40312e-05\n",
      "3.37604e-05 4.43163e-05 0.000627927 0.000380214\n",
      "3.87831e-05 9.40312e-05 0.000380214   0.0012188\n",
      "0.054921\n",
      "x_ =  6.49974\n",
      "-3.33003\n",
      "0.842658\n",
      "-3.14625\n",
      "P_ = 1.22298e-05 1.51702e-05 4.85785e-05 7.82657e-05\n",
      "1.51702e-05 3.35562e-05 9.07446e-05 0.000154214\n",
      "4.85785e-05 9.07446e-05 0.000470764 0.000775179\n",
      "7.82657e-05 0.000154214 0.000775179   0.0014394\n",
      "0.054921\n",
      "x_ =  6.55566\n",
      "-3.47965\n",
      "0.892761\n",
      "-3.04297\n",
      "P_ = 9.20956e-06 8.83411e-06 3.92742e-05 4.03474e-05\n",
      "8.83411e-06 2.10314e-05 4.57886e-05 9.37354e-05\n",
      "3.92742e-05 4.57886e-05 0.000725794 0.000382973\n",
      "4.03474e-05 9.37354e-05 0.000382973  0.00124347\n",
      "0.055029\n",
      "x_ =  6.62262\n",
      "-3.66114\n",
      " 1.26164\n",
      "-3.27832\n",
      "P_ =  1.3528e-05  1.6228e-05 5.50498e-05 8.38105e-05\n",
      " 1.6228e-05 3.34342e-05 9.54562e-05 0.000152933\n",
      "5.50498e-05 9.54562e-05 0.000528737 0.000822304\n",
      "8.38105e-05 0.000152933 0.000822304  0.00142691\n",
      "0.05503\n",
      "x_ =  6.72816\n",
      "-3.78215\n",
      "  1.4328\n",
      "-3.01232\n",
      "P_ =  9.8855e-06 9.24793e-06 4.22284e-05 4.24808e-05\n",
      "9.24793e-06 2.06916e-05  4.7444e-05 9.18479e-05\n",
      "4.22284e-05  4.7444e-05 0.000755284 0.000404902\n",
      "4.24808e-05 9.18479e-05 0.000404902  0.00123336\n",
      "0.055067\n",
      "x_ =  6.78786\n",
      "-3.93138\n",
      "0.999387\n",
      "-2.72283\n",
      "P_ = 1.45096e-05 1.68908e-05 5.88085e-05 8.77945e-05\n",
      "1.68908e-05 3.30551e-05 9.68508e-05 0.000151799\n",
      "5.88085e-05 9.68508e-05 0.000559627 0.000845521\n",
      "8.77945e-05 0.000151799 0.000845521  0.00141702\n",
      "0.055068\n",
      "x_ =  6.85262\n",
      "-4.06575\n",
      " 1.04493\n",
      "-2.65287\n",
      "P_ = 1.03477e-05 9.49251e-06 4.37703e-05 4.38826e-05\n",
      "9.49251e-06 2.04056e-05 4.79211e-05 9.07608e-05\n",
      "4.37703e-05 4.79211e-05 0.000772467 0.000416603\n",
      "4.38826e-05 9.07608e-05 0.000416603   0.0012241\n",
      "0.054985\n",
      "x_ =  6.90406\n",
      "-4.20799\n",
      " 1.01648\n",
      "-2.63411\n",
      "P_ = 1.52621e-05 1.73071e-05 6.23999e-05 9.01263e-05\n",
      "1.73071e-05 3.25348e-05 9.84808e-05 0.000149044\n",
      "6.23999e-05 9.84808e-05 0.000593697 0.000864364\n",
      "9.01263e-05 0.000149044 0.000864364  0.00138964\n",
      "0.054986\n",
      "x_ =   6.9575\n",
      "-4.35279\n",
      " 1.00762\n",
      "-2.63476\n",
      "P_ = 1.07427e-05  9.6772e-06 4.54632e-05 4.49681e-05\n",
      " 9.6772e-06 2.00737e-05 4.86732e-05 8.90888e-05\n",
      "4.54632e-05 4.86732e-05 0.000789122 0.000427023\n",
      "4.49681e-05 8.90888e-05 0.000427023  0.00120767\n",
      "0.054942\n",
      "x_ =  6.99418\n",
      "-4.47966\n",
      "0.547051\n",
      "-2.30074\n",
      "P_ =  1.5996e-05 1.76569e-05 6.64275e-05 9.20369e-05\n",
      "1.76569e-05 3.18883e-05 0.000100255 0.000145265\n",
      "6.64275e-05 0.000100255 0.000631903 0.000881634\n",
      "9.20369e-05 0.000145265 0.000881634  0.00135314\n",
      "0.054942\n",
      "x_ =  7.04227\n",
      "-4.57513\n",
      " 0.63416\n",
      "-2.16299\n",
      "P_ = 1.11552e-05  9.8559e-06  4.7497e-05 4.60041e-05\n",
      " 9.8559e-06 1.96865e-05  4.9512e-05  8.7021e-05\n",
      " 4.7497e-05  4.9512e-05 0.000807856 0.000436387\n",
      "4.60041e-05  8.7021e-05 0.000436387  0.00118832\n",
      "0.055048\n",
      "x_ =  7.09775\n",
      "-4.71074\n",
      " 1.03155\n",
      "-2.44872\n",
      "P_ = 1.66503e-05 1.79622e-05 6.91976e-05 9.40768e-05\n",
      "1.79622e-05  3.1359e-05 0.000100737 0.000143059\n",
      "6.91976e-05 0.000100737 0.000654862 0.000892098\n",
      "9.40768e-05 0.000143059 0.000892098  0.00133365\n",
      "0.055048\n",
      "x_ =  7.14868\n",
      "-4.85475\n",
      " 1.00386\n",
      "-2.48994\n",
      "P_ = 1.14823e-05 9.99118e-06 4.88132e-05 4.68054e-05\n",
      "9.99118e-06 1.94071e-05 4.97329e-05 8.58795e-05\n",
      "4.88132e-05 4.97329e-05 0.000821827 0.000441556\n",
      "4.68054e-05 8.58795e-05 0.000441556  0.00117779\n",
      "0.054973\n",
      "x_ =   7.2452\n",
      "-5.02631\n",
      " 1.62975\n",
      "-2.96651\n",
      "P_ = 1.72928e-05 1.82186e-05 7.29346e-05 9.53202e-05\n",
      "1.82186e-05 3.07664e-05 0.000102268  0.00013944\n",
      "7.29346e-05 0.000102268 0.000690875 0.000905264\n",
      "9.53202e-05  0.00013944 0.000905264  0.00129836\n",
      "0.054973\n",
      "x_ =  7.33469\n",
      "-5.18049\n",
      " 1.63547\n",
      " -2.9295\n",
      "P_ = 1.18485e-05 1.01249e-05 5.07047e-05 4.75357e-05\n",
      "1.01249e-05 1.90473e-05 5.04424e-05 8.39108e-05\n",
      "5.07047e-05 5.04424e-05 0.000838754 0.000448803\n",
      "4.75357e-05 8.39108e-05 0.000448803  0.00115919\n",
      "0.055054\n",
      "x_ =  7.38715\n",
      " -5.3106\n",
      " 1.16875\n",
      "-2.56354\n",
      "P_ = 1.79686e-05 1.84831e-05 7.64034e-05 9.68744e-05\n",
      "1.84831e-05 3.01893e-05 0.000103239 0.000136415\n",
      "7.64034e-05 0.000103239 0.000721642  0.00091603\n",
      "9.68744e-05 0.000136415  0.00091603  0.00127011\n",
      "0.055055\n",
      "x_ =  7.44993\n",
      "-5.45339\n",
      " 1.16179\n",
      "-2.57111\n",
      "P_ = 1.22107e-05 1.02511e-05 5.24272e-05 4.82233e-05\n",
      "1.02511e-05 1.87186e-05 5.08455e-05 8.23152e-05\n",
      "5.24272e-05 5.08455e-05 0.000855443 0.000453887\n",
      "4.82233e-05 8.23152e-05 0.000453887  0.00114497\n",
      "0.054953\n",
      "x_ =  7.52669\n",
      "-5.60376\n",
      " 1.22279\n",
      "-2.61548\n",
      "P_ = 1.85908e-05 1.86846e-05 7.95656e-05 9.80264e-05\n",
      "1.86846e-05 2.95955e-05  0.00010392 0.000133324\n",
      "7.95656e-05  0.00010392 0.000749929 0.000924097\n",
      "9.80264e-05 0.000133324 0.000924097  0.00124185\n",
      "0.054954\n",
      "x_ =  7.62947\n",
      "-5.69877\n",
      " 1.38896\n",
      "-2.39752\n",
      "P_ = 1.25397e-05 1.03483e-05 5.39266e-05  4.8784e-05\n",
      "1.03483e-05 1.83849e-05 5.12026e-05 8.07105e-05\n",
      "5.39266e-05 5.12026e-05 0.000868519 0.000458721\n",
      " 4.8784e-05 8.07105e-05 0.000458721   0.0011293\n",
      "0.054955\n",
      "x_ =  7.68802\n",
      "-5.81727\n",
      "  1.2693\n",
      "-2.30489\n",
      "P_ = 1.90187e-05 1.88227e-05 8.07406e-05 9.93305e-05\n",
      "1.88227e-05 2.92123e-05 0.000103355 0.000132374\n",
      "8.07406e-05 0.000103355 0.000757791 0.000926561\n",
      "9.93305e-05 0.000132374 0.000926561  0.00123458\n",
      "0.054956\n",
      "x_ = 7.74795\n",
      "-5.9543\n",
      "1.22573\n",
      "-2.3525\n",
      "P_ = 1.27192e-05 1.04011e-05 5.43559e-05 4.91888e-05\n",
      "1.04011e-05 1.82146e-05 5.10273e-05 8.03011e-05\n",
      "5.43559e-05 5.10273e-05 0.000874064 0.000460307\n",
      "4.91888e-05 8.03011e-05 0.000460307  0.00112364\n",
      "0.050035\n",
      "x_ =  7.85083\n",
      "-6.11097\n",
      " 2.08858\n",
      "-3.06883\n",
      "P_ = 1.85691e-05 1.80148e-05 7.90879e-05 9.47365e-05\n",
      "1.80148e-05 2.75609e-05 9.91167e-05 0.000123694\n",
      "7.90879e-05 9.91167e-05 0.000749789 0.000892291\n",
      "9.47365e-05 0.000123694 0.000892291  0.00115992\n",
      "0.050036\n",
      "x_ =  7.96112\n",
      "-6.25508\n",
      " 2.11739\n",
      "-3.02741\n",
      "P_ = 1.24686e-05  1.0137e-05 5.24789e-05 4.93348e-05\n",
      " 1.0137e-05 1.73706e-05 5.12907e-05 7.58398e-05\n",
      "5.24789e-05 5.12907e-05 0.000812451 0.000472823\n",
      "4.93348e-05 7.58398e-05 0.000472823  0.00104158\n",
      "0.055024\n",
      "x_ =  8.05165\n",
      " -6.3954\n",
      " 1.38416\n",
      "-2.40748\n",
      "P_ = 1.91643e-05 1.84656e-05 8.25861e-05 9.73465e-05\n",
      "1.84656e-05 2.75856e-05 0.000101452 0.000124275\n",
      "8.25861e-05 0.000101452 0.000776781 0.000907613\n",
      "9.73465e-05 0.000124275 0.000907613  0.00115624\n",
      "0.055025\n",
      "x_ =  8.15669\n",
      "-6.48795\n",
      " 1.51975\n",
      "-2.22914\n",
      "P_ = 1.29547e-05 1.04437e-05 5.61946e-05 4.92112e-05\n",
      "1.04437e-05 1.75534e-05 5.09703e-05 7.73492e-05\n",
      "5.61946e-05 5.09703e-05 0.000887871 0.000454268\n",
      "4.92112e-05 7.73492e-05 0.000454268  0.00108865\n",
      "0.054988\n",
      "x_ =  8.22176\n",
      "-6.59669\n",
      " 1.45737\n",
      "-2.18172\n",
      "P_ = 1.98348e-05 1.89579e-05 8.49464e-05 0.000100237\n",
      "1.89579e-05 2.79324e-05 0.000102927 0.000126387\n",
      "8.49464e-05 0.000102927 0.000795685 0.000927702\n",
      "0.000100237 0.000126387 0.000927702  0.00117715\n",
      "0.054988\n",
      "x_ =  8.27845\n",
      "-6.74241\n",
      " 1.35207\n",
      "-2.29923\n",
      "P_ = 1.31754e-05 1.05363e-05 5.67129e-05 4.98229e-05\n",
      "1.05363e-05  1.7593e-05 5.10991e-05  7.7619e-05\n",
      "5.67129e-05 5.10991e-05 0.000896062 0.000462375\n",
      "4.98229e-05  7.7619e-05 0.000462375  0.00109449\n",
      "0.054947\n",
      "x_ =  8.34878\n",
      "-6.86645\n",
      "  1.4949\n",
      "-2.42216\n",
      "P_ = 2.02995e-05 1.91514e-05 8.78858e-05 0.000100906\n",
      "1.91514e-05 2.78223e-05 0.000104586 0.000124874\n",
      "8.78858e-05 0.000104586 0.000825661  0.00093915\n",
      "0.000100906 0.000124874  0.00093915  0.00116102\n",
      "0.054947\n",
      "x_ =  8.44627\n",
      "-6.97822\n",
      " 1.56716\n",
      "-2.32743\n",
      "P_ = 1.34274e-05 1.05912e-05 5.80865e-05 5.01045e-05\n",
      "1.05912e-05 1.74376e-05 5.16121e-05 7.64456e-05\n",
      "5.80865e-05 5.16121e-05 0.000909339 0.000467515\n",
      "5.01045e-05 7.64456e-05 0.000467515  0.00108554\n",
      "0.049997\n",
      "x_ =  8.50722\n",
      "-7.08033\n",
      " 1.46704\n",
      "-2.24353\n",
      "P_ = 1.97597e-05 1.83212e-05 8.49169e-05 9.68191e-05\n",
      "1.83212e-05  2.6381e-05 9.94808e-05 0.000118048\n",
      "8.49169e-05 9.94808e-05 0.000801653 0.000902497\n",
      "9.68191e-05 0.000118048 0.000902497  0.00110737\n",
      "0.049997\n",
      "x_ =   8.5575\n",
      "-7.22156\n",
      " 1.35931\n",
      "-2.37431\n",
      "P_ = 1.30933e-05 1.02927e-05 5.54745e-05 5.03142e-05\n",
      "1.02927e-05 1.67165e-05 5.14979e-05  7.2802e-05\n",
      "5.54745e-05 5.14979e-05 0.000841262 0.000478882\n",
      "5.03142e-05  7.2802e-05 0.000478882  0.00101102\n",
      "0.050048\n",
      "x_ =  8.65696\n",
      "-7.37193\n",
      " 1.97978\n",
      "-2.93364\n",
      "P_ = 1.94476e-05 1.78159e-05 8.44499e-05  9.3922e-05\n",
      "1.78159e-05 2.52644e-05  9.7238e-05 0.000112405\n",
      "8.44499e-05  9.7238e-05 0.000797799 0.000876548\n",
      " 9.3922e-05 0.000112405 0.000876548  0.00105166\n",
      "0.050048\n",
      "x_ =  8.74365\n",
      "-7.53318\n",
      " 1.92248\n",
      "-2.99901\n",
      "P_ = 1.30932e-05 1.02422e-05 5.61288e-05 4.98089e-05\n",
      "1.02422e-05 1.62965e-05  5.1194e-05 7.08818e-05\n",
      "5.61288e-05  5.1194e-05 0.000842331 0.000468165\n",
      "4.98089e-05 7.08818e-05 0.000468165 0.000986016\n",
      "0.054948\n",
      "x_ =  8.80715\n",
      "-7.65481\n",
      "0.956937\n",
      " -2.1153\n",
      "P_ = 2.04578e-05 1.86023e-05 8.99997e-05 9.78646e-05\n",
      "1.86023e-05 2.57263e-05 0.000101402 0.000114516\n",
      "8.99997e-05 0.000101402 0.000843622 0.000908247\n",
      "9.78646e-05 0.000114516 0.000908247   0.0010647\n",
      "0.054949\n",
      "x_ =  8.85908\n",
      "-7.76825\n",
      "0.955894\n",
      "-2.10425\n",
      "P_ = 1.37302e-05 1.05975e-05  6.0303e-05 4.98515e-05\n",
      "1.05975e-05 1.65623e-05  5.1224e-05 7.26642e-05\n",
      " 6.0303e-05  5.1224e-05 0.000922403 0.000456847\n",
      "4.98515e-05 7.26642e-05 0.000456847  0.00104246\n",
      "0.050045\n",
      "x_ =  8.92961\n",
      "-7.89647\n",
      " 1.44065\n",
      "-2.55263\n",
      "P_ = 2.04968e-05  1.8294e-05 8.97553e-05 9.61652e-05\n",
      " 1.8294e-05 2.49521e-05 9.91007e-05 0.000110505\n",
      "8.97553e-05 9.91007e-05 0.000844722 0.000896207\n",
      "9.61652e-05 0.000110505 0.000896207  0.00103627\n",
      "0.050045\n",
      "x_ =  8.98422\n",
      "-8.04032\n",
      " 1.36307\n",
      "-2.62797\n",
      "P_ = 1.35806e-05 1.03817e-05 5.84316e-05 5.04019e-05\n",
      "1.03817e-05 1.59823e-05   5.161e-05 6.93094e-05\n",
      "5.84316e-05   5.161e-05 0.000865678 0.000477053\n",
      "5.04019e-05 6.93094e-05 0.000477053 0.000975872\n",
      "0.054987\n",
      "x_ =  9.00955\n",
      "-8.13553\n",
      "0.726197\n",
      "-2.02312\n",
      "P_ = 2.13307e-05 1.88463e-05 9.45125e-05 9.90829e-05\n",
      "1.88463e-05 2.51718e-05 0.000102489 0.000111535\n",
      "9.45125e-05 0.000102489 0.000884306  0.00091889\n",
      "9.90829e-05 0.000111535  0.00091889  0.00103835\n",
      "0.054988\n",
      "x_ =  9.05372\n",
      "-8.24287\n",
      "0.745234\n",
      "-2.00517\n",
      "P_ = 1.41768e-05 1.06794e-05 6.23691e-05 5.02049e-05\n",
      "1.06794e-05 1.61942e-05 5.15394e-05 7.09329e-05\n",
      "6.23691e-05 5.15394e-05 0.000942508 0.000461277\n",
      "5.02049e-05 7.09329e-05 0.000461277  0.00102872\n",
      "0.04998\n",
      "x_ =  9.13235\n",
      "-8.38455\n",
      "   1.366\n",
      "-2.59949\n",
      "P_ = 2.12468e-05 1.84212e-05 9.36654e-05 9.67823e-05\n",
      "1.84212e-05 2.43169e-05 9.96723e-05 0.000107149\n",
      "9.36654e-05 9.96723e-05 0.000880463 0.000901694\n",
      "9.67823e-05 0.000107149 0.000901694  0.00100563\n",
      "0.049981\n",
      "x_ =  9.17576\n",
      "-8.53955\n",
      "   1.253\n",
      "-2.71427\n",
      "P_ = 1.39827e-05 1.04302e-05 6.03499e-05 5.06331e-05\n",
      "1.04302e-05 1.56009e-05 5.18426e-05 6.74501e-05\n",
      "6.03499e-05 5.18426e-05 0.000883627 0.000480043\n",
      "5.06331e-05 6.74501e-05 0.000480043 0.000958444\n",
      "0.054975\n",
      "x_ =  9.21748\n",
      "-8.65866\n",
      "0.676631\n",
      "-2.14229\n",
      "P_ = 2.20817e-05 1.89313e-05 9.86235e-05  9.9357e-05\n",
      "1.89313e-05 2.44697e-05 0.000102975 0.000107661\n",
      "9.86235e-05 0.000102975 0.000921967 0.000922093\n",
      " 9.9357e-05 0.000107661 0.000922093  0.00100242\n",
      "0.054976\n",
      "x_ =  9.25342\n",
      "-8.77585\n",
      "0.671903\n",
      "-2.14055\n",
      "P_ = 1.45985e-05  1.0716e-05 6.44094e-05 5.03196e-05\n",
      " 1.0716e-05 1.57813e-05 5.17289e-05 6.89169e-05\n",
      "6.44094e-05 5.17289e-05 0.000960908 0.000462906\n",
      "5.03196e-05 6.89169e-05 0.000462906  0.00101049\n",
      "0.050009\n",
      "x_ =  9.37388\n",
      "-8.97604\n",
      " 2.24564\n",
      "-3.71633\n",
      "P_ = 2.20142e-05 1.84906e-05 9.79034e-05 9.69534e-05\n",
      "1.84906e-05 2.35943e-05 0.000100101 0.000103112\n",
      "9.79034e-05 0.000100101 0.000919332 0.000904158\n",
      "9.69534e-05 0.000103112 0.000904158  0.00096804\n",
      "0.050009\n",
      "x_ =  9.47459\n",
      "-9.16871\n",
      " 2.19671\n",
      "-3.75112\n",
      "P_ = 1.44185e-05 1.04606e-05   6.255e-05 5.07063e-05\n",
      "1.04606e-05 1.51782e-05 5.19998e-05 6.53017e-05\n",
      "  6.255e-05 5.19998e-05 0.000904193 0.000481209\n",
      "5.07063e-05 6.53017e-05 0.000481209 0.000938831\n",
      "0.050021\n",
      "x_ =  9.51583\n",
      "-9.27911\n",
      "0.877815\n",
      "-2.39306\n",
      "P_ = 2.18393e-05 1.80568e-05 9.75187e-05  9.4688e-05\n",
      "1.80568e-05 2.26942e-05 9.79425e-05 9.87896e-05\n",
      "9.75187e-05 9.79425e-05 0.000915302 0.000881818\n",
      " 9.4688e-05 9.87896e-05 0.000881818 0.000926474\n",
      "0.050021\n",
      "x_ =  9.56522\n",
      "-9.38645\n",
      "0.908922\n",
      "-2.34234\n",
      "P_ = 1.44667e-05 1.03923e-05 6.30734e-05 5.02507e-05\n",
      "1.03923e-05 1.48178e-05 5.15997e-05   6.375e-05\n",
      "6.30734e-05 5.15997e-05 0.000904802 0.000471883\n",
      "5.02507e-05   6.375e-05 0.000471883 0.000919267\n",
      "0.049996\n",
      "x_ =  9.59814\n",
      "-9.49165\n",
      "0.872588\n",
      "-2.30805\n",
      "P_ =  2.1913e-05 1.79108e-05 9.77446e-05 9.40407e-05\n",
      "1.79108e-05 2.21854e-05 9.67021e-05 9.66863e-05\n",
      "9.77446e-05 9.67021e-05 0.000915437 0.000872334\n",
      "9.40407e-05 9.66863e-05 0.000872334 0.000907296\n",
      "0.049997\n",
      "x_ =  9.59756\n",
      "-9.64606\n",
      "0.673534\n",
      "-2.48868\n",
      "P_ = 1.45427e-05 1.03742e-05 6.34176e-05 5.01112e-05\n",
      "1.03742e-05 1.45939e-05 5.12789e-05 6.29579e-05\n",
      "6.34176e-05 5.12789e-05 0.000906243 0.000468106\n",
      "5.01112e-05 6.29579e-05 0.000468106 0.000909352\n",
      "0.05005\n",
      "x_ =   9.6575\n",
      "-9.80149\n",
      " 1.06919\n",
      "-2.91705\n",
      "P_ = 2.21742e-05  1.7859e-05 9.98462e-05 9.31024e-05\n",
      " 1.7859e-05 2.17368e-05 9.67603e-05 9.37856e-05\n",
      "9.98462e-05 9.67603e-05 0.000936647 0.000868096\n",
      "9.31024e-05 9.37856e-05 0.000868096 0.000878651\n",
      "0.05005\n",
      "x_ =  9.69099\n",
      "-9.95927\n",
      "0.983136\n",
      "-2.97603\n",
      "P_ = 1.47444e-05 1.03724e-05 6.47679e-05 4.98117e-05\n",
      "1.03724e-05 1.43268e-05 5.13095e-05  6.1474e-05\n",
      "6.47679e-05 5.13095e-05 0.000918134 0.000466295\n",
      "4.98117e-05  6.1474e-05 0.000466295 0.000895833\n",
      "0.054954\n",
      "x_ =  9.70452\n",
      "-10.0755\n",
      "0.417878\n",
      "-2.35486\n",
      "P_ = 2.36146e-05 1.87475e-05  0.00010739 9.76969e-05\n",
      "1.87475e-05 2.22462e-05 0.000101587 9.59774e-05\n",
      " 0.00010739 0.000101587  0.00100101 0.000907347\n",
      "9.76969e-05 9.59774e-05 0.000907347 0.000895261\n",
      "0.054955\n",
      "x_ =  9.74858\n",
      "-10.1788\n",
      "0.517769\n",
      "-2.24078\n",
      "P_ = 1.55554e-05 1.07097e-05  6.9308e-05 4.99043e-05\n",
      "1.07097e-05 1.45841e-05 5.14018e-05 6.34206e-05\n",
      " 6.9308e-05 5.14018e-05  0.00100194 0.000457948\n",
      "4.99043e-05 6.34206e-05 0.000457948 0.000958503\n",
      "0.049989\n",
      "x_ =  9.80323\n",
      " -10.322\n",
      "0.766961\n",
      "-2.51062\n",
      "P_ = 2.37029e-05 1.84334e-05 0.000106926 9.64085e-05\n",
      "1.84334e-05 2.16394e-05 9.92674e-05 9.31443e-05\n",
      "0.000106926 9.92674e-05   0.0010006 0.000897532\n",
      "9.64085e-05 9.31443e-05 0.000897532 0.000877091\n",
      "0.04999\n",
      "x_ =  9.80252\n",
      "-10.4784\n",
      "0.592246\n",
      "-2.65515\n",
      "P_ = 1.53844e-05 1.04602e-05 6.73613e-05 5.05123e-05\n",
      "1.04602e-05 1.40966e-05 5.17307e-05 6.02751e-05\n",
      "6.73613e-05 5.17307e-05 0.000947987 0.000478789\n",
      "5.05123e-05 6.02751e-05 0.000478789 0.000890653\n",
      "0.055056\n",
      "x_ =  9.83145\n",
      "-10.6224\n",
      "0.763076\n",
      "-2.85147\n",
      "P_ = 2.47164e-05 1.89544e-05 0.000112871 9.89093e-05\n",
      "1.89544e-05 2.18092e-05 0.000102761 9.34861e-05\n",
      "0.000112871 0.000102761  0.00105104  0.00091827\n",
      "9.89093e-05 9.34861e-05  0.00091827 0.000872639\n",
      "0.055057\n",
      "x_ =  9.87145\n",
      "-10.7761\n",
      "0.756636\n",
      "-2.83908\n",
      "P_ = 1.60866e-05 1.07195e-05  7.1602e-05 5.00421e-05\n",
      "1.07195e-05 1.42645e-05 5.15545e-05 6.17999e-05\n",
      " 7.1602e-05 5.15545e-05  0.00102628 0.000461165\n",
      "5.00421e-05 6.17999e-05 0.000461165  0.00094655\n",
      "0.05493\n",
      "x_ =  9.89091\n",
      "-10.9043\n",
      "0.323703\n",
      "-2.33852\n",
      "P_ = 2.58158e-05 1.94044e-05 0.000117959 0.000101324\n",
      "1.94044e-05 2.19517e-05 0.000104944 9.37076e-05\n",
      "0.000117959 0.000104944  0.00109644 0.000940215\n",
      "0.000101324 9.37076e-05 0.000940215 0.000875634\n",
      "0.054931\n",
      "x_ =  9.87727\n",
      "-11.0547\n",
      "0.183559\n",
      "-2.44026\n",
      "P_ = 1.64983e-05 1.07568e-05 7.31363e-05 5.04387e-05\n",
      "1.07568e-05  1.4193e-05 5.18562e-05 6.11324e-05\n",
      "7.31363e-05 5.18562e-05  0.00104409  0.00046986\n",
